3.040449999999999875e+00
3.041370000000000129e+00
3.044119999999999937e+00
3.048669999999999991e+00
3.054969999999999963e+00
3.062949999999999839e+00
3.072529999999999983e+00
3.083610000000000184e+00
3.096049999999999969e+00
3.109719999999999818e+00
3.124470000000000081e+00
3.140109999999999957e+00
3.156460000000000043e+00
3.173329999999999984e+00
3.190490000000000048e+00
3.207730000000000192e+00
3.224810000000000176e+00
3.241499999999999826e+00
3.257559999999999789e+00
3.272740000000000204e+00
3.286810000000000009e+00
3.299529999999999852e+00
3.310680000000000067e+00
3.320040000000000102e+00
3.327409999999999979e+00
3.332599999999999785e+00
3.335459999999999869e+00
3.335850000000000204e+00
3.333660000000000068e+00
3.328800000000000203e+00
3.321229999999999905e+00
3.310939999999999994e+00
3.297930000000000028e+00
3.282290000000000152e+00
3.264089999999999936e+00
3.243479999999999919e+00
3.220619999999999816e+00
3.195739999999999803e+00
3.169070000000000054e+00
3.140899999999999803e+00
3.111520000000000064e+00
3.081290000000000084e+00
3.050570000000000004e+00
3.019719999999999960e+00
2.989160000000000039e+00
2.959280000000000133e+00
2.930489999999999817e+00
2.903210000000000068e+00
2.877829999999999888e+00
2.854750000000000121e+00
2.834319999999999951e+00
2.816910000000000025e+00
2.802810000000000024e+00
2.792310000000000070e+00
2.785639999999999894e+00
2.782989999999999853e+00
2.784499999999999975e+00
2.790270000000000028e+00
2.800310000000000077e+00
2.814599999999999991e+00
2.833060000000000134e+00
2.855519999999999836e+00
2.881790000000000074e+00
2.911589999999999900e+00
2.944599999999999884e+00
2.980430000000000135e+00
3.018660000000000121e+00
3.058800000000000185e+00
3.100330000000000030e+00
3.142710000000000115e+00
3.185350000000000126e+00
3.227650000000000130e+00
3.268990000000000062e+00
3.308759999999999923e+00
3.346350000000000158e+00
3.381149999999999878e+00
3.412589999999999790e+00
3.440119999999999845e+00
3.463249999999999940e+00
3.481520000000000170e+00
3.494540000000000202e+00
3.501980000000000093e+00
3.503600000000000048e+00
3.499229999999999841e+00
3.488780000000000214e+00
3.472249999999999837e+00
3.449759999999999938e+00
3.421479999999999855e+00
3.387729999999999908e+00
3.348879999999999857e+00
3.305410000000000181e+00
3.257899999999999796e+00
3.206999999999999851e+00
3.153420000000000112e+00
3.097960000000000047e+00
3.041479999999999961e+00
2.984859999999999847e+00
2.929019999999999957e+00
2.874909999999999854e+00
2.823459999999999859e+00
2.775589999999999780e+00
2.732209999999999805e+00
2.694160000000000110e+00
2.662220000000000031e+00
2.637090000000000156e+00
2.619369999999999976e+00
2.609560000000000102e+00
2.608029999999999848e+00
2.615019999999999900e+00
2.630609999999999893e+00
2.654749999999999943e+00
2.687199999999999811e+00
2.727609999999999868e+00
2.775430000000000064e+00
2.829969999999999875e+00
2.890390000000000015e+00
2.955729999999999968e+00
3.024880000000000013e+00
3.096639999999999837e+00
3.169709999999999805e+00
3.242750000000000021e+00
3.314329999999999998e+00
3.383049999999999891e+00
3.447490000000000165e+00
3.506279999999999841e+00
3.558120000000000172e+00
3.601789999999999825e+00
3.636219999999999786e+00
3.660470000000000113e+00
3.673770000000000202e+00
3.675570000000000004e+00
3.665509999999999824e+00
3.643489999999999895e+00
3.609609999999999985e+00
3.564270000000000049e+00
3.508080000000000087e+00
3.441899999999999959e+00
3.366849999999999898e+00
3.284240000000000048e+00
3.195619999999999905e+00
3.102669999999999817e+00
3.007260000000000044e+00
2.911340000000000039e+00
2.816949999999999843e+00
2.726160000000000139e+00
2.641030000000000211e+00
2.563550000000000217e+00
2.495620000000000172e+00
2.438989999999999991e+00
2.395210000000000061e+00
2.365590000000000082e+00
2.351189999999999891e+00
2.352739999999999831e+00
2.370659999999999989e+00
2.404990000000000183e+00
2.455420000000000158e+00
2.521259999999999835e+00
2.601440000000000197e+00
2.694539999999999935e+00
2.798799999999999955e+00
2.912119999999999820e+00
3.032160000000000188e+00
3.156320000000000014e+00
3.281829999999999803e+00
3.405800000000000161e+00
3.525290000000000035e+00
3.637340000000000018e+00
3.739100000000000090e+00
3.827850000000000197e+00
3.901100000000000012e+00
3.956630000000000091e+00
3.992589999999999861e+00
4.007520000000000415e+00
4.000429999999999708e+00
3.970810000000000173e+00
3.918680000000000163e+00
3.844619999999999926e+00
3.749740000000000073e+00
3.635699999999999932e+00
3.504690000000000083e+00
3.359370000000000189e+00
3.202840000000000131e+00
3.038590000000000124e+00
2.870400000000000063e+00
2.702290000000000081e+00
2.538370000000000015e+00
2.382829999999999782e+00
2.239749999999999908e+00
2.113039999999999807e+00
2.006339999999999790e+00
1.922889999999999988e+00
1.865439999999999987e+00
1.836200000000000054e+00
1.836719999999999908e+00
1.867839999999999945e+00
1.929659999999999931e+00
2.021469999999999878e+00
2.141809999999999992e+00
2.288409999999999833e+00
2.458250000000000046e+00
2.647629999999999928e+00
2.852219999999999978e+00
3.067149999999999821e+00
3.287129999999999885e+00
3.506559999999999899e+00
3.719700000000000006e+00
3.920749999999999957e+00
4.104099999999999859e+00
4.264389999999999681e+00
4.396700000000000053e+00
4.496730000000000338e+00
4.560870000000000424e+00
4.586359999999999992e+00
4.571419999999999817e+00
4.515259999999999607e+00
4.418190000000000062e+00
4.281640000000000335e+00
4.108150000000000190e+00
3.901339999999999808e+00
3.665869999999999962e+00
3.407309999999999839e+00
3.132050000000000001e+00
2.847160000000000135e+00
2.560179999999999900e+00
2.278960000000000097e+00
2.011470000000000091e+00
1.765519999999999978e+00
1.548629999999999951e+00
1.367729999999999890e+00
1.229000000000000092e+00
1.137650000000000050e+00
1.097760000000000069e+00
1.112109999999999932e+00
1.182060000000000111e+00
1.307490000000000041e+00
1.486730000000000107e+00
1.716579999999999995e+00
1.992299999999999960e+00
2.307749999999999968e+00
2.655499999999999972e+00
3.026980000000000004e+00
3.412690000000000001e+00
3.802459999999999951e+00
4.185690000000000133e+00
4.551650000000000418e+00
4.889780000000000015e+00
5.190000000000000391e+00
5.442989999999999995e+00
5.640509999999999913e+00
5.775629999999999598e+00
5.843020000000000103e+00
5.839109999999999800e+00
5.762260000000000382e+00
5.612899999999999778e+00
5.393510000000000026e+00
5.108699999999999797e+00
4.765069999999999695e+00
4.371129999999999960e+00
3.937120000000000175e+00
3.474730000000000096e+00
2.996859999999999857e+00
2.517250000000000210e+00
2.050149999999999917e+00
1.609909999999999952e+00
1.210579999999999989e+00
8.655300000000000216e-01
5.870039999999999702e-01
3.857869999999999910e-01
2.708459999999999757e-01
2.490310000000000024e-01
3.248260000000000036e-01
5.001630000000000242e-01
7.743029999999999635e-01
1.143790000000000084e+00
1.602500000000000036e+00
2.141690000000000094e+00
2.750269999999999992e+00
3.414989999999999970e+00
4.120759999999999756e+00
4.851079999999999615e+00
5.588420000000000165e+00
6.314700000000000202e+00
7.011770000000000280e+00
7.661900000000000155e+00
8.248310000000000031e+00
8.755570000000000519e+00
9.170130000000000337e+00
9.480639999999999290e+00
9.678350000000000009e+00
9.757329999999999615e+00
9.714729999999999421e+00
9.550840000000000884e+00
9.269170000000000798e+00
8.876390000000000668e+00
8.382179999999999964e+00
7.799059999999999881e+00
7.142109999999999737e+00
6.428600000000000314e+00
5.677660000000000373e+00
4.909799999999999720e+00
4.146560000000000024e+00
3.409980000000000011e+00
2.722230000000000150e+00
2.105160000000000142e+00
1.579970000000000097e+00
1.166889999999999983e+00
8.849069999999999991e-01
7.515939999999999843e-01
7.830179999999999918e-01
9.937089999999999534e-01
1.396709999999999896e+00
2.003719999999999946e+00
2.825289999999999857e+00
3.871059999999999945e+00
5.150100000000000122e+00
6.671230000000000437e+00
8.443360000000000198e+00
1.047579999999999956e+01
1.277880000000000038e+01
1.536350000000000016e+01
1.824230000000000018e+01
2.142920000000000158e+01
2.493959999999999866e+01
2.879019999999999868e+01
3.299929999999999808e+01
3.758599999999999852e+01
4.257009999999999650e+01
4.797149999999999892e+01
5.380960000000000321e+01
6.010260000000000247e+01
6.686679999999999779e+01
7.411570000000000391e+01
8.185880000000000223e+01
9.010139999999999816e+01
9.884300000000000352e+01
1.080769999999999982e+02
1.177890000000000015e+02
1.279579999999999984e+02
1.385550000000000068e+02
1.495399999999999920e+02
1.608650000000000091e+02
1.724759999999999991e+02
1.843060000000000116e+02
1.962829999999999870e+02
2.083249999999999886e+02
2.203449999999999989e+02
2.322479999999999905e+02
2.439360000000000070e+02
2.553079999999999927e+02
2.662599999999999909e+02
2.766879999999999882e+02
2.864900000000000091e+02
2.955670000000000073e+02
3.038249999999999886e+02
3.111750000000000114e+02
3.175389999999999873e+02
3.228460000000000036e+02
3.270380000000000109e+02
3.300659999999999741e+02
3.318969999999999914e+02
