3.321979999999999933e-01
3.321080000000000143e-01
3.318940000000000223e-01
3.317149999999999821e-01
3.318349999999999911e-01
3.326140000000000208e-01
3.344969999999999888e-01
3.380099999999999771e-01
3.437390000000000168e-01
3.523209999999999953e-01
3.644270000000000009e-01
3.807470000000000021e-01
4.019690000000000207e-01
4.287699999999999845e-01
4.617919999999999803e-01
5.016319999999999668e-01
5.488229999999999498e-01
6.038280000000000314e-01
6.670190000000000285e-01
7.386789999999999745e-01
8.189859999999999918e-01
9.080120000000000413e-01
1.005719999999999947e+00
1.111969999999999903e+00
1.226499999999999924e+00
1.348959999999999937e+00
1.478900000000000103e+00
1.615779999999999994e+00
1.758979999999999988e+00
1.907799999999999940e+00
2.061519999999999797e+00
2.219329999999999803e+00
2.380419999999999980e+00
2.543950000000000156e+00
2.709070000000000089e+00
2.874950000000000117e+00
3.040770000000000195e+00
3.205729999999999968e+00
3.369089999999999918e+00
3.530139999999999834e+00
3.688239999999999963e+00
3.842779999999999863e+00
3.993240000000000123e+00
4.139170000000000016e+00
4.280170000000000030e+00
4.415930000000000355e+00
4.546190000000000175e+00
4.670770000000000088e+00
4.789539999999999687e+00
4.902440000000000353e+00
5.009479999999999933e+00
5.110680000000000334e+00
5.206150000000000055e+00
5.296000000000000263e+00
5.380399999999999849e+00
5.459520000000000373e+00
5.533579999999999721e+00
5.602780000000000094e+00
5.667360000000000397e+00
5.727520000000000167e+00
5.783489999999999576e+00
5.835460000000000313e+00
5.883630000000000138e+00
5.928149999999999586e+00
5.969170000000000087e+00
6.006780000000000008e+00
6.041059999999999874e+00
6.072049999999999947e+00
6.099759999999999849e+00
6.124130000000000074e+00
6.145109999999999850e+00
6.162560000000000038e+00
6.176359999999999850e+00
6.186300000000000132e+00
6.192190000000000083e+00
6.193780000000000285e+00
6.190809999999999924e+00
6.183029999999999582e+00
6.170149999999999579e+00
6.151880000000000237e+00
6.127979999999999983e+00
6.098169999999999646e+00
6.062249999999999694e+00
6.019999999999999574e+00
5.971280000000000143e+00
5.915989999999999860e+00
5.854070000000000107e+00
5.785549999999999748e+00
5.710499999999999687e+00
5.629089999999999705e+00
5.541540000000000354e+00
5.448170000000000179e+00
5.349359999999999893e+00
5.245560000000000223e+00
5.137319999999999887e+00
5.025220000000000020e+00
4.909930000000000128e+00
4.792150000000000354e+00
4.672640000000000349e+00
4.552170000000000272e+00
4.431530000000000413e+00
4.311539999999999928e+00
4.192980000000000373e+00
4.076620000000000132e+00
3.963200000000000056e+00
3.853400000000000158e+00
3.747829999999999995e+00
3.647060000000000191e+00
3.551540000000000141e+00
3.461629999999999985e+00
3.377600000000000158e+00
3.299609999999999932e+00
3.227730000000000210e+00
3.161880000000000024e+00
3.101919999999999789e+00
3.047579999999999956e+00
2.998510000000000009e+00
2.954270000000000174e+00
2.914369999999999905e+00
2.878239999999999910e+00
2.845279999999999809e+00
2.814880000000000049e+00
2.786399999999999988e+00
2.759259999999999824e+00
2.732880000000000198e+00
2.706760000000000055e+00
2.680460000000000065e+00
2.653640000000000221e+00
2.626090000000000035e+00
2.597690000000000055e+00
2.568480000000000096e+00
2.538640000000000008e+00
2.508480000000000043e+00
2.478479999999999794e+00
2.449250000000000149e+00
2.421549999999999869e+00
2.396250000000000213e+00
2.374340000000000117e+00
2.356899999999999995e+00
2.345060000000000144e+00
2.340019999999999989e+00
2.342950000000000088e+00
2.355010000000000048e+00
2.377330000000000165e+00
2.410890000000000200e+00
2.456580000000000208e+00
2.515109999999999957e+00
2.586980000000000057e+00
2.672480000000000189e+00
2.771609999999999907e+00
2.884119999999999795e+00
3.009419999999999984e+00
3.146609999999999907e+00
3.294480000000000075e+00
3.451490000000000169e+00
3.615759999999999863e+00
3.785120000000000040e+00
3.957139999999999880e+00
4.129100000000000215e+00
4.298099999999999810e+00
4.461070000000000313e+00
4.614830000000000432e+00
4.756129999999999747e+00
4.881759999999999877e+00
4.988570000000000171e+00
5.073570000000000135e+00
5.133980000000000210e+00
5.167329999999999757e+00
5.171490000000000364e+00
5.144759999999999778e+00
5.085939999999999905e+00
4.994349999999999845e+00
4.869880000000000209e+00
4.713049999999999962e+00
4.525009999999999977e+00
4.307520000000000238e+00
4.063010000000000232e+00
3.794509999999999827e+00
3.505630000000000024e+00
3.200489999999999835e+00
2.883719999999999839e+00
2.560309999999999864e+00
2.235570000000000057e+00
1.915000000000000036e+00
1.604230000000000045e+00
1.308829999999999938e+00
1.034259999999999957e+00
7.857429999999999692e-01
5.680899999999999839e-01
3.856410000000000116e-01
2.421339999999999881e-01
1.406040000000000068e-01
8.330010000000000192e-02
7.161109999999999698e-02
1.060099999999999931e-01
1.860159999999999869e-01
3.101829999999999865e-01
4.761020000000000252e-01
6.804310000000000080e-01
9.189469999999999583e-01
1.186620000000000008e+00
1.477710000000000079e+00
1.785879999999999912e+00
2.104309999999999903e+00
2.425899999999999945e+00
2.743349999999999955e+00
3.049389999999999823e+00
3.336920000000000108e+00
3.599200000000000177e+00
3.829990000000000006e+00
4.023740000000000094e+00
4.175709999999999589e+00
4.282099999999999795e+00
4.340180000000000149e+00
4.348340000000000316e+00
4.306189999999999962e+00
4.214520000000000266e+00
4.075389999999999624e+00
3.891980000000000217e+00
3.668639999999999901e+00
3.410699999999999843e+00
3.124379999999999935e+00
2.816669999999999785e+00
2.495099999999999874e+00
2.167580000000000062e+00
1.842160000000000020e+00
1.526880000000000015e+00
1.229479999999999906e+00
9.572199999999999598e-01
7.166850000000000165e-01
5.135709999999999997e-01
3.525280000000000080e-01
2.370180000000000065e-01
1.692029999999999923e-01
1.498690000000000022e-01
1.783909999999999940e-01
2.527329999999999854e-01
3.694970000000000199e-01
5.240050000000000541e-01
7.104319999999999524e-01
9.219619999999999482e-01
1.150989999999999958e+00
1.389359999999999928e+00
1.628579999999999917e+00
1.860139999999999905e+00
2.075730000000000075e+00
2.267580000000000151e+00
2.428669999999999884e+00
2.553020000000000067e+00
2.635889999999999844e+00
2.674020000000000064e+00
2.665760000000000129e+00
2.611200000000000188e+00
2.512230000000000185e+00
2.372529999999999806e+00
2.197589999999999932e+00
1.994569999999999954e+00
1.772129999999999983e+00
1.540270000000000028e+00
1.310049999999999937e+00
1.093320000000000070e+00
9.023390000000000022e-01
7.494859999999999856e-01
6.468409999999999993e-01
6.058270000000000044e-01
6.368289999999999784e-01
7.488449999999999829e-01
9.491490000000000204e-01
1.243000000000000105e+00
1.633410000000000029e+00
2.120929999999999982e+00
2.703549999999999898e+00
3.376619999999999955e+00
4.132889999999999731e+00
4.962579999999999991e+00
5.853550000000000253e+00
6.791529999999999845e+00
7.760410000000000252e+00
8.742630000000000123e+00
9.719559999999999533e+00
1.067190000000000083e+01
1.158029999999999937e+01
1.242570000000000086e+01
1.318989999999999974e+01
1.385590000000000011e+01
1.440859999999999985e+01
1.483510000000000062e+01
1.512480000000000047e+01
1.527020000000000088e+01
1.526660000000000039e+01
1.511289999999999978e+01
1.481090000000000018e+01
1.436580000000000013e+01
1.378619999999999912e+01
1.308339999999999925e+01
1.227169999999999916e+01
1.136790000000000056e+01
1.039080000000000048e+01
9.361039999999999139e+00
8.300599999999999312e+00
7.232350000000000279e+00
6.179660000000000153e+00
5.165980000000000238e+00
4.214470000000000383e+00
3.347719999999999807e+00
2.587410000000000210e+00
1.954190000000000094e+00
1.467500000000000027e+00
1.145569999999999977e+00
1.005390000000000006e+00
1.062899999999999956e+00
1.333080000000000043e+00
1.830230000000000024e+00
2.568259999999999987e+00
3.560979999999999812e+00
4.822449999999999903e+00
6.367320000000000313e+00
8.211149999999999949e+00
1.037069999999999936e+01
1.286400000000000077e+01
1.571069999999999922e+01
1.893220000000000169e+01
2.255130000000000123e+01
2.659199999999999875e+01
3.107969999999999899e+01
3.604039999999999822e+01
4.150000000000000000e+01
4.748429999999999751e+01
5.401749999999999829e+01
6.112180000000000035e+01
6.881629999999999825e+01
7.711620000000000630e+01
8.603149999999999409e+01
9.556640000000000157e+01
1.057180000000000035e+02
1.164749999999999943e+02
1.278190000000000026e+02
1.397199999999999989e+02
1.521409999999999911e+02
1.650310000000000059e+02
1.783329999999999984e+02
1.919759999999999991e+02
2.058810000000000002e+02
2.199600000000000080e+02
2.341140000000000043e+02
2.482400000000000091e+02
2.622250000000000227e+02
2.759519999999999982e+02
2.893029999999999973e+02
3.021549999999999727e+02
3.143879999999999768e+02
3.258809999999999718e+02
3.365190000000000055e+02
3.461929999999999836e+02
3.548020000000000209e+02
3.622520000000000095e+02
3.684639999999999986e+02
3.733690000000000282e+02
3.769119999999999777e+02
3.790539999999999736e+02
