2.986779999999999990e+00
2.987509999999999888e+00
2.990429999999999922e+00
2.995490000000000208e+00
3.002650000000000041e+00
3.011859999999999982e+00
3.023000000000000131e+00
3.035989999999999966e+00
3.050699999999999967e+00
3.066980000000000040e+00
3.084680000000000089e+00
3.103610000000000202e+00
3.123580000000000023e+00
3.144400000000000084e+00
3.165830000000000144e+00
3.187650000000000095e+00
3.209610000000000074e+00
3.231469999999999843e+00
3.252979999999999983e+00
3.273880000000000123e+00
3.293919999999999959e+00
3.312829999999999941e+00
3.330389999999999961e+00
3.346350000000000158e+00
3.360479999999999912e+00
3.372590000000000199e+00
3.382480000000000153e+00
3.390000000000000124e+00
3.394989999999999952e+00
3.397349999999999870e+00
3.396999999999999797e+00
3.393889999999999851e+00
3.388009999999999966e+00
3.379389999999999894e+00
3.368079999999999963e+00
3.354200000000000070e+00
3.337870000000000115e+00
3.319280000000000008e+00
3.298630000000000173e+00
3.276180000000000092e+00
3.252200000000000202e+00
3.226989999999999803e+00
3.200899999999999856e+00
3.174269999999999925e+00
3.147479999999999833e+00
3.120899999999999785e+00
3.094939999999999802e+00
3.069970000000000088e+00
3.046390000000000153e+00
3.024570000000000203e+00
3.004869999999999930e+00
2.987629999999999786e+00
2.973160000000000025e+00
2.961739999999999817e+00
2.953599999999999781e+00
2.948949999999999960e+00
2.947940000000000005e+00
2.950660000000000061e+00
2.957170000000000076e+00
2.967449999999999921e+00
2.981440000000000090e+00
2.999010000000000176e+00
3.020000000000000018e+00
3.044150000000000134e+00
3.071180000000000021e+00
3.100740000000000052e+00
3.132439999999999891e+00
3.165849999999999831e+00
3.200480000000000214e+00
3.235829999999999984e+00
3.271360000000000046e+00
3.306509999999999838e+00
3.340720000000000134e+00
3.373400000000000176e+00
3.404009999999999980e+00
3.431970000000000187e+00
3.456749999999999989e+00
3.477860000000000174e+00
3.494819999999999816e+00
3.507229999999999848e+00
3.514710000000000001e+00
3.516980000000000217e+00
3.513809999999999878e+00
3.505040000000000155e+00
3.490610000000000213e+00
3.470530000000000115e+00
3.444910000000000139e+00
3.413930000000000131e+00
3.377880000000000216e+00
3.337140000000000217e+00
3.292170000000000041e+00
3.243500000000000050e+00
3.191759999999999931e+00
3.137630000000000141e+00
3.081879999999999953e+00
3.025300000000000100e+00
2.968729999999999869e+00
2.913050000000000139e+00
2.859150000000000080e+00
2.807910000000000128e+00
2.760200000000000209e+00
2.716880000000000184e+00
2.678729999999999833e+00
2.646500000000000075e+00
2.620839999999999836e+00
2.602329999999999810e+00
2.591429999999999900e+00
2.588499999999999801e+00
2.593750000000000000e+00
2.607279999999999820e+00
2.629020000000000135e+00
2.658780000000000143e+00
2.696200000000000152e+00
2.740779999999999994e+00
2.791859999999999786e+00
2.848669999999999813e+00
2.910280000000000200e+00
2.975649999999999906e+00
3.043660000000000032e+00
3.113070000000000004e+00
3.182589999999999808e+00
3.250900000000000123e+00
3.316629999999999967e+00
3.378460000000000019e+00
3.435049999999999937e+00
3.485170000000000101e+00
3.527649999999999952e+00
3.561430000000000096e+00
3.585609999999999964e+00
3.599439999999999973e+00
3.602349999999999941e+00
3.593970000000000109e+00
3.574180000000000135e+00
3.543039999999999967e+00
3.500879999999999992e+00
3.448269999999999946e+00
3.385979999999999990e+00
3.315049999999999830e+00
3.236709999999999976e+00
3.152410000000000156e+00
3.063740000000000130e+00
2.972459999999999880e+00
2.880459999999999798e+00
2.789660000000000029e+00
2.702080000000000037e+00
2.619689999999999852e+00
2.544430000000000192e+00
2.478169999999999984e+00
2.422620000000000218e+00
2.379319999999999879e+00
2.349600000000000133e+00
2.334529999999999994e+00
2.334890000000000132e+00
2.351150000000000073e+00
2.383439999999999781e+00
2.431519999999999904e+00
2.494800000000000129e+00
2.572330000000000005e+00
2.662790000000000212e+00
2.764540000000000219e+00
2.875599999999999934e+00
2.993739999999999846e+00
3.116460000000000008e+00
3.241109999999999935e+00
3.364869999999999806e+00
3.484849999999999781e+00
3.598170000000000091e+00
3.701989999999999892e+00
3.793610000000000149e+00
3.870530000000000026e+00
3.930489999999999817e+00
3.971579999999999888e+00
3.992259999999999920e+00
3.991439999999999877e+00
3.968510000000000204e+00
3.923340000000000050e+00
3.856380000000000141e+00
3.768580000000000041e+00
3.661459999999999937e+00
3.537040000000000184e+00
3.397829999999999906e+00
3.246789999999999843e+00
3.087289999999999868e+00
2.922979999999999912e+00
2.757779999999999898e+00
2.595749999999999780e+00
2.440999999999999837e+00
2.297610000000000152e+00
2.169490000000000141e+00
2.060299999999999798e+00
1.973349999999999937e+00
1.911489999999999911e+00
1.877019999999999911e+00
1.871629999999999905e+00
1.896320000000000006e+00
1.951349999999999918e+00
2.036210000000000075e+00
2.149599999999999955e+00
2.289439999999999920e+00
2.452929999999999833e+00
2.636509999999999909e+00
2.836040000000000116e+00
3.046780000000000044e+00
3.263590000000000213e+00
3.480949999999999989e+00
3.693210000000000104e+00
3.894629999999999814e+00
4.079579999999999984e+00
4.242709999999999759e+00
4.379050000000000331e+00
4.484210000000000029e+00
4.554479999999999862e+00
4.586969999999999992e+00
4.579729999999999634e+00
4.531799999999999606e+00
4.443310000000000315e+00
4.315470000000000361e+00
4.150640000000000107e+00
3.952220000000000066e+00
3.724680000000000213e+00
3.473409999999999886e+00
3.204639999999999933e+00
2.925269999999999815e+00
2.642749999999999932e+00
2.364829999999999988e+00
2.099410000000000220e+00
1.854300000000000059e+00
1.637029999999999985e+00
1.454560000000000075e+00
1.313169999999999948e+00
1.218180000000000041e+00
1.173799999999999955e+00
1.182989999999999986e+00
1.247319999999999984e+00
1.366849999999999898e+00
1.540140000000000065e+00
1.764210000000000056e+00
2.034549999999999859e+00
2.345229999999999926e+00
2.689010000000000122e+00
3.057500000000000107e+00
3.441359999999999975e+00
3.830529999999999990e+00
4.214489999999999625e+00
4.582569999999999588e+00
4.924199999999999910e+00
5.229230000000000267e+00
5.488279999999999603e+00
5.692960000000000242e+00
5.836170000000000080e+00
5.912359999999999616e+00
5.917709999999999582e+00
5.850299999999999834e+00
5.710250000000000270e+00
5.499729999999999563e+00
5.223010000000000375e+00
4.886389999999999567e+00
4.498070000000000235e+00
4.067980000000000373e+00
3.607549999999999812e+00
3.129469999999999974e+00
2.647299999999999986e+00
2.175170000000000048e+00
1.727370000000000072e+00
1.317949999999999955e+00
9.603399999999999714e-01
6.669410000000000061e-01
4.487459999999999782e-01
3.149989999999999735e-01
2.728920000000000234e-01
3.273099999999999898e-01
4.806329999999999769e-01
7.326129999999999587e-01
1.080310000000000104e+00
1.518129999999999979e+00
2.037879999999999914e+00
2.628979999999999873e+00
3.278669999999999973e+00
3.972339999999999982e+00
4.693859999999999921e+00
5.426029999999999909e+00
6.151019999999999932e+00
6.850819999999999688e+00
7.507749999999999702e+00
8.104950000000000543e+00
8.626820000000000377e+00
9.059509999999999508e+00
9.391280000000000072e+00
9.612830000000000652e+00
9.717660000000000409e+00
9.702189999999999870e+00
9.565960000000000463e+00
9.311669999999999447e+00
8.945119999999999294e+00
8.475149999999999295e+00
7.913450000000000095e+00
7.274269999999999570e+00
6.574169999999999625e+00
5.831620000000000026e+00
5.066620000000000346e+00
4.300290000000000390e+00
3.554440000000000044e+00
2.851170000000000204e+00
2.212450000000000028e+00
1.659759999999999902e+00
1.213810000000000056e+00
8.942719999999999558e-01
7.195660000000000389e-01
7.067740000000000133e-01
8.715850000000000541e-01
1.228329999999999922e+00
1.790079999999999893e+00
2.568810000000000038e+00
3.575649999999999995e+00
4.821110000000000007e+00
6.315409999999999968e+00
8.068789999999999907e+00
1.009179999999999922e+01
1.239559999999999995e+01
1.499210000000000065e+01
1.789460000000000051e+01
2.111720000000000041e+01
2.467539999999999978e+01
2.858589999999999876e+01
3.286630000000000251e+01
3.753499999999999659e+01
4.261079999999999757e+01
4.811229999999999762e+01
5.405749999999999744e+01
6.046269999999999811e+01
6.734260000000000446e+01
7.470829999999999416e+01
8.256770000000000209e+01
9.092379999999999995e+01
9.977410000000000423e+01
1.091099999999999994e+02
1.189159999999999968e+02
1.291680000000000064e+02
1.398360000000000127e+02
1.508799999999999955e+02
1.622510000000000048e+02
1.738930000000000007e+02
1.857400000000000091e+02
1.977199999999999989e+02
2.097520000000000095e+02
2.217479999999999905e+02
2.336160000000000139e+02
2.452599999999999909e+02
2.565779999999999745e+02
2.674700000000000273e+02
2.778330000000000268e+02
2.875679999999999836e+02
2.965769999999999982e+02
3.047679999999999723e+02
3.120559999999999832e+02
3.183629999999999995e+02
3.236209999999999809e+02
3.277710000000000150e+02
3.307690000000000055e+02
3.325799999999999841e+02
