2.035820000000000185e+00
2.036649999999999849e+00
2.039050000000000029e+00
2.043010000000000215e+00
2.048519999999999897e+00
2.055590000000000028e+00
2.064210000000000100e+00
2.074390000000000178e+00
2.086120000000000196e+00
2.099410000000000220e+00
2.114240000000000119e+00
2.130609999999999893e+00
2.148519999999999985e+00
2.167969999999999953e+00
2.188940000000000108e+00
2.211440000000000072e+00
2.235440000000000094e+00
2.260949999999999793e+00
2.287939999999999863e+00
2.316409999999999858e+00
2.346330000000000027e+00
2.377699999999999925e+00
2.410480000000000178e+00
2.444659999999999833e+00
2.480199999999999960e+00
2.517090000000000050e+00
2.555289999999999839e+00
2.594770000000000021e+00
2.635479999999999823e+00
2.677389999999999937e+00
2.720450000000000035e+00
2.764619999999999855e+00
2.809839999999999893e+00
2.856050000000000200e+00
2.903200000000000003e+00
2.951229999999999798e+00
3.000059999999999949e+00
3.049619999999999997e+00
3.099839999999999929e+00
3.150650000000000173e+00
3.201940000000000008e+00
3.253649999999999931e+00
3.305670000000000108e+00
3.357909999999999950e+00
3.410280000000000200e+00
3.462670000000000137e+00
3.514969999999999928e+00
3.567079999999999806e+00
3.618879999999999875e+00
3.670269999999999921e+00
3.721109999999999918e+00
3.771300000000000097e+00
3.820710000000000051e+00
3.869219999999999882e+00
3.916700000000000070e+00
3.963029999999999831e+00
4.008090000000000153e+00
4.051730000000000054e+00
4.093849999999999767e+00
4.134299999999999642e+00
4.172970000000000290e+00
4.209740000000000038e+00
4.244469999999999743e+00
4.277050000000000018e+00
4.307360000000000078e+00
4.335300000000000153e+00
4.360730000000000217e+00
4.383569999999999744e+00
4.403699999999999726e+00
4.421030000000000015e+00
4.435469999999999580e+00
4.446939999999999671e+00
4.455350000000000144e+00
4.460619999999999585e+00
4.462710000000000399e+00
4.461540000000000283e+00
4.457069999999999865e+00
4.449259999999999771e+00
4.438080000000000247e+00
4.423499999999999766e+00
4.405520000000000103e+00
4.384129999999999860e+00
4.359340000000000437e+00
4.331159999999999677e+00
4.299640000000000128e+00
4.264800000000000146e+00
4.226709999999999745e+00
4.185419999999999696e+00
4.141009999999999636e+00
4.093560000000000088e+00
4.043180000000000440e+00
3.989980000000000082e+00
3.934070000000000178e+00
3.875599999999999934e+00
3.814690000000000136e+00
3.751520000000000188e+00
3.686240000000000183e+00
3.619040000000000035e+00
3.550089999999999968e+00
3.479610000000000092e+00
3.407789999999999875e+00
3.334849999999999870e+00
3.261019999999999808e+00
3.186529999999999863e+00
3.111619999999999830e+00
3.036540000000000017e+00
2.961539999999999839e+00
2.886880000000000113e+00
2.812829999999999941e+00
2.739640000000000075e+00
2.667609999999999815e+00
2.596979999999999844e+00
2.528049999999999908e+00
2.461090000000000000e+00
2.396360000000000046e+00
2.334140000000000104e+00
2.274709999999999788e+00
2.218319999999999848e+00
2.165249999999999897e+00
2.115740000000000176e+00
2.070040000000000102e+00
2.028399999999999981e+00
1.991049999999999986e+00
1.958210000000000006e+00
1.930090000000000083e+00
1.906900000000000039e+00
1.888810000000000100e+00
1.875999999999999890e+00
1.868619999999999948e+00
1.866829999999999989e+00
1.870730000000000004e+00
1.880439999999999889e+00
1.896050000000000013e+00
1.917610000000000037e+00
1.945179999999999909e+00
1.978779999999999983e+00
2.018419999999999881e+00
2.064080000000000137e+00
2.115709999999999980e+00
2.173259999999999970e+00
2.236639999999999961e+00
2.305730000000000057e+00
2.380399999999999849e+00
2.460490000000000066e+00
2.545819999999999972e+00
2.636169999999999902e+00
2.731329999999999814e+00
2.831030000000000157e+00
2.934989999999999988e+00
3.042920000000000069e+00
3.154500000000000082e+00
3.269369999999999887e+00
3.387179999999999858e+00
3.507550000000000168e+00
3.630059999999999842e+00
3.754309999999999814e+00
3.879849999999999799e+00
4.006240000000000023e+00
4.133009999999999629e+00
4.259680000000000355e+00
4.385779999999999568e+00
4.510810000000000208e+00
4.634260000000000268e+00
4.755630000000000024e+00
4.874410000000000132e+00
4.990090000000000359e+00
5.102159999999999584e+00
5.210119999999999862e+00
5.313460000000000072e+00
5.411699999999999733e+00
5.504349999999999632e+00
5.590939999999999799e+00
5.671020000000000394e+00
5.744139999999999802e+00
5.809879999999999711e+00
5.867840000000000167e+00
5.917650000000000077e+00
5.958960000000000257e+00
5.991439999999999877e+00
6.014789999999999637e+00
6.028760000000000119e+00
6.033120000000000260e+00
6.027669999999999639e+00
6.012260000000000382e+00
5.986760000000000304e+00
5.951109999999999900e+00
5.905260000000000176e+00
5.849210000000000242e+00
5.783030000000000115e+00
5.706789999999999807e+00
5.620650000000000368e+00
5.524779999999999802e+00
5.419419999999999682e+00
5.304840000000000444e+00
5.181359999999999744e+00
5.049349999999999561e+00
4.909220000000000361e+00
4.761429999999999829e+00
4.606489999999999974e+00
4.444930000000000270e+00
4.277339999999999698e+00
4.104339999999999655e+00
3.926600000000000090e+00
3.744800000000000129e+00
3.559689999999999799e+00
3.372020000000000017e+00
3.182589999999999808e+00
2.992210000000000036e+00
2.801709999999999923e+00
2.611969999999999903e+00
2.423849999999999838e+00
2.238239999999999785e+00
2.056049999999999933e+00
1.878179999999999961e+00
1.705519999999999925e+00
1.538999999999999924e+00
1.379510000000000014e+00
1.227940000000000031e+00
1.085180000000000033e+00
9.520729999999999471e-01
8.294709999999999583e-01
7.181880000000000486e-01
6.190109999999999779e-01
5.326950000000000296e-01
4.599579999999999780e-01
4.014809999999999768e-01
3.578999999999999959e-01
3.298050000000000148e-01
3.177389999999999937e-01
3.221899999999999764e-01
3.435949999999999838e-01
3.823300000000000032e-01
4.387159999999999949e-01
5.130099999999999660e-01
6.054079999999999462e-01
7.160419999999999563e-01
8.449809999999999821e-01
9.922250000000000236e-01
1.157710000000000017e+00
1.341310000000000002e+00
1.542829999999999924e+00
1.762010000000000076e+00
1.998529999999999918e+00
2.252009999999999845e+00
2.521999999999999797e+00
2.807999999999999829e+00
3.109459999999999891e+00
3.425769999999999982e+00
3.756260000000000154e+00
4.100240000000000329e+00
4.456959999999999589e+00
4.825630000000000308e+00
5.205449999999999910e+00
5.595550000000000246e+00
5.995070000000000121e+00
6.403129999999999988e+00
6.818810000000000038e+00
7.241200000000000081e+00
7.669389999999999930e+00
8.102460000000000662e+00
8.539500000000000313e+00
8.979620000000000601e+00
9.421939999999999316e+00
9.865610000000000213e+00
1.030979999999999919e+01
1.075370000000000026e+01
1.119669999999999987e+01
1.163790000000000013e+01
1.207670000000000066e+01
1.251249999999999929e+01
1.294490000000000052e+01
1.337320000000000064e+01
1.379710000000000036e+01
1.421630000000000038e+01
1.463039999999999985e+01
1.503930000000000078e+01
1.544280000000000008e+01
1.584089999999999954e+01
1.623359999999999914e+01
1.662099999999999866e+01
1.700329999999999941e+01
1.738070000000000093e+01
1.775359999999999872e+01
1.812239999999999895e+01
1.848770000000000024e+01
1.884979999999999833e+01
1.920959999999999823e+01
1.956749999999999901e+01
1.992449999999999832e+01
2.028130000000000166e+01
2.063870000000000005e+01
2.099769999999999825e+01
2.135920000000000130e+01
2.172409999999999997e+01
2.209339999999999904e+01
2.246819999999999951e+01
2.284939999999999927e+01
2.323819999999999908e+01
2.363540000000000063e+01
2.404220000000000113e+01
2.445949999999999847e+01
2.488840000000000074e+01
2.532959999999999923e+01
2.578419999999999845e+01
2.625290000000000035e+01
2.673659999999999926e+01
2.723600000000000065e+01
2.775179999999999936e+01
2.828440000000000154e+01
2.883439999999999870e+01
2.940230000000000032e+01
2.998829999999999885e+01
3.059250000000000114e+01
3.121519999999999939e+01
3.185630000000000095e+01
3.251570000000000249e+01
3.319319999999999737e+01
3.388830000000000098e+01
3.460070000000000334e+01
3.532970000000000255e+01
3.607459999999999667e+01
3.683449999999999847e+01
3.760860000000000269e+01
3.839569999999999794e+01
3.919469999999999743e+01
4.000419999999999732e+01
4.082289999999999708e+01
4.164920000000000044e+01
4.248149999999999693e+01
4.331810000000000116e+01
4.415720000000000312e+01
4.499710000000000321e+01
4.583559999999999945e+01
4.667090000000000316e+01
4.750079999999999814e+01
4.832339999999999947e+01
4.913629999999999853e+01
4.993760000000000332e+01
5.072489999999999810e+01
5.149620000000000175e+01
5.224920000000000186e+01
5.298179999999999978e+01
5.369189999999999685e+01
5.437720000000000198e+01
5.503580000000000183e+01
5.566570000000000107e+01
5.626489999999999725e+01
5.683160000000000167e+01
5.736390000000000100e+01
5.786019999999999897e+01
5.831889999999999930e+01
5.873850000000000193e+01
5.911769999999999925e+01
5.945519999999999783e+01
5.975000000000000000e+01
6.000090000000000146e+01
6.020729999999999649e+01
6.036849999999999739e+01
6.048380000000000223e+01
6.055299999999999727e+01
